 6   1
 2.0  -11.040  -50.000  -50.000  -50.000
 2.1  -11.100  -50.000  -50.000  -50.000
 2.2  -11.100  -50.000  -50.000  -50.000
 2.3  -11.223  -50.000  -50.000  -50.000
 2.4  -11.284  -50.000  -50.000  -50.000
 2.5  -11.346  -50.000  -50.000  -50.000
 2.6  -11.408  -50.000  -50.000  -50.000
 2.7  -11.470  -50.000  -50.000  -50.000
 2.8  -11.470  -50.000  -50.000  -50.000
 2.9  -11.593  -50.000  -50.000  -50.000
 3.0  -11.656  -50.000  -50.000  -50.000
 3.1  -11.719  -50.000  -50.000  -50.000
 3.2  -11.780  -44.138  -50.000  -50.000
 3.3  -11.842  -36.705  -50.000  -50.000
 3.4  -11.900  -30.791  -50.000  -50.000
 3.5  -11.959  -26.083  -50.000  -50.000
 3.6  -12.012  -22.332  -50.000  -50.000
 3.7  -12.062  -19.343  -50.000  -50.000
 3.8  -12.106  -16.959  -50.000  -50.000
 3.9  -12.143  -15.054  -50.000  -50.000
 4.0  -12.143  -13.531  -50.000  -50.000
 4.1  -12.164  -12.311  -50.000  -50.000
 4.2  -12.086  -11.331  -50.000  -50.000
 4.3  -11.900  -10.543  -50.000  -50.000
 4.4  -11.656   -9.907  -50.000  -50.000
 4.5  -11.420   -9.391  -50.000  -50.000
 4.6  -11.232   -8.971  -50.000  -50.000
 4.7  -11.097   -8.627  -50.000  -50.000
 4.8  -11.014   -8.343  -50.000  -50.000
 4.9  -11.014   -8.108  -50.000  -50.000
 5.0  -10.971   -7.911  -50.000  -50.000
 5.1  -10.996   -7.744  -50.000  -50.000
 5.2  -11.045   -7.601  -50.000  -50.000
 5.3  -11.115   -7.477  -50.000  -50.000
 5.4  -11.200   -7.368  -50.000  -50.000
 5.5  -11.298   -7.272  -50.000  -50.000
 5.6  -11.405   -7.185  -50.000  -50.000
 5.7  -11.519   -7.105  -50.000  -50.000
 5.8  -11.636   -7.032  -50.000  -50.000
 5.9  -11.759   -6.963  -50.000  -50.000
 6.0  -11.883   -6.899  -50.000  -50.000
 6   2
 2.0  -10.373  -50.000  -15.869  -50.000
 2.1  -10.432  -50.000  -15.593  -50.000
 2.2  -10.432  -50.000  -15.319  -50.000
 2.3  -10.551  -50.000  -15.047  -50.000
 2.4  -10.611  -50.000  -14.776  -50.000
 2.5  -10.672  -50.000  -14.508  -50.000
 2.6  -10.733  -50.000  -14.243  -50.000
 2.7  -10.793  -50.000  -13.982  -50.000
 2.8  -10.793  -50.000  -13.725  -50.000
 2.9  -10.903  -50.000  -13.475  -50.000
 3.0  -10.947  -50.000  -13.232  -50.000
 3.1  -10.971  -50.000  -12.999  -50.000
 3.2  -10.983  -50.000  -12.778  -50.000
 3.3  -10.991  -50.000  -12.573  -50.000
 3.4  -11.005  -50.000  -12.386  -50.000
 3.5  -11.029  -50.000  -12.224  -50.000
 3.6  -11.065  -45.321  -12.091  -50.000
 3.7  -11.113  -37.385  -11.996  -50.000
 3.8  -11.171  -31.100  -11.945  -50.000
 3.9  -11.231  -26.128  -11.947  -50.000
 4.0  -11.231  -22.198  -12.000  -50.000
 4.1  -11.326  -19.097  -12.074  -50.000
 4.2  -11.334  -16.653  -12.075  -50.000
 4.3  -11.284  -14.731  -11.922  -50.000
 4.4  -11.156  -13.224  -11.672  -50.000
 4.5  -10.979  -12.047  -11.396  -50.000
 4.6  -10.810  -11.132  -11.116  -50.000
 4.7  -10.680  -10.425  -10.827  -50.000
 4.8  -10.593   -9.883  -10.827  -50.000
 4.9  -10.593   -9.472  -10.827  -50.000
 5.0  -10.544   -9.165  -10.827  -50.000
 5.1  -10.567   -8.942  -10.827  -50.000
 5.2  -10.616   -8.784  -10.827  -50.000
 5.3  -10.686   -8.678  -10.827  -50.000
 5.4  -10.770   -8.614  -10.827  -50.000
 5.5  -10.870   -8.582  -10.827  -50.000
 5.6  -10.975   -8.577  -10.827  -50.000
 5.7  -11.093   -8.593  -10.827  -50.000
 5.8  -11.216   -8.625  -10.827  -50.000
 5.9  -11.344   -8.670  -10.827  -50.000
 6.0  -11.476   -8.726  -10.827  -50.000
 6   3
 2.0   -9.704  -50.000   -8.818  -50.000
 2.1   -9.784  -50.000   -8.800  -50.000
 2.2   -9.864  -50.000   -8.783  -50.000
 2.3   -9.945  -50.000   -8.765  -50.000
 2.4  -10.025  -50.000   -8.747  -50.000
 2.5  -10.105  -50.000   -8.729  -50.000
 2.6  -10.184  -50.000   -8.711  -50.000
 2.7  -10.255  -50.000   -8.694  -50.000
 2.8  -10.304  -50.000   -8.676  -50.000
 2.9  -10.321  -50.000   -8.658  -50.000
 3.0  -10.308  -50.000   -8.640  -50.000
 3.1  -10.286  -50.000   -8.622  -50.000
 3.2  -10.275  -50.000   -8.605  -50.000
 3.3  -10.284  -50.000   -8.587  -50.000
 3.4  -10.314  -50.000   -8.569  -50.000
 3.5  -10.362  -50.000   -8.551  -50.000
 3.6  -10.424  -50.000   -8.533  -50.000
 3.7  -10.497  -50.000   -8.516  -50.000
 3.8  -10.576  -47.057   -8.498  -50.000
 3.9  -10.658  -39.136   -8.480  -50.000
 4.0  -10.734  -32.834   -8.462  -50.000
 4.1  -10.783  -27.817   -8.444  -50.000
 4.2  -10.775  -23.823   -8.427  -50.000
 4.3  -10.710  -20.639   -8.409  -50.000
 4.4  -10.622  -18.100   -8.391  -50.000
 4.5  -10.545  -16.073   -8.373  -50.000
 4.6  -10.496  -14.452   -8.355  -50.000
 4.7  -10.478  -13.155   -8.338  -50.000
 4.8  -10.526  -12.114   -8.320  -50.000
 4.9  -10.554  -11.277   -8.302  -50.000
 5.0  -10.603  -10.602   -8.284  -50.000
 5.1  -10.670  -10.055   -8.266  -50.000
 5.2  -10.750   -9.610   -8.249  -50.000
 5.3  -10.843   -9.247   -8.231  -50.000
 5.4  -10.945   -8.948   -8.213  -50.000
 5.5  -11.056   -8.701   -8.195  -50.000
 5.6  -11.173   -8.493   -8.177  -50.000
 5.7  -11.296   -8.319   -8.160  -50.000
 5.8  -11.423   -8.170   -8.142  -50.000
 5.9  -11.554   -8.041   -8.124  -50.000
 6.0  -11.688   -7.928   -8.106  -50.000
 6   4
 2.0   -9.796  -50.000  -11.919  -50.000
 2.1   -9.854  -50.000  -11.779  -50.000
 2.2   -9.913  -50.000  -11.639  -50.000
 2.3   -9.972  -50.000  -11.499  -50.000
 2.4  -10.032  -50.000  -11.359  -50.000
 2.5  -10.092  -50.000  -11.219  -50.000
 2.6  -10.153  -50.000  -11.079  -50.000
 2.7  -10.215  -50.000  -10.939  -50.000
 2.8  -10.278  -50.000  -10.799  -50.000
 2.9  -10.341  -50.000  -10.659  -50.000
 3.0  -10.406  -50.000  -10.519  -50.000
 3.1  -10.471  -50.000  -10.379  -50.000
 3.2  -10.536  -50.000  -10.239  -50.000
 3.3  -10.603  -50.000  -10.099  -50.000
 3.4  -10.670  -50.000   -9.959  -50.000
 3.5  -10.737  -50.000   -9.819  -50.000
 3.6  -10.806  -50.000   -9.679  -50.000
 3.7  -10.875  -50.000   -9.539  -50.000
 3.8  -10.945  -50.000   -9.399  -50.000
 3.9  -11.015  -50.000   -9.259  -50.000
 4.0  -11.086  -41.735   -9.119  -50.000
 4.1  -11.158  -35.003   -9.119  -50.000
 4.2  -11.230  -29.646   -9.119  -50.000
 4.3  -11.303  -25.381   -9.119  -50.000
 4.4  -11.376  -21.982   -9.119  -50.000
 4.5  -11.451  -19.272   -9.119  -50.000
 4.6  -11.525  -17.109   -9.119  -50.000
 4.7  -11.601  -15.381   -9.119  -50.000
 4.8  -11.677  -13.998   -9.119  -50.000
 4.9  -11.754  -12.889   -9.119  -50.000
 5.0  -11.831  -11.998   -9.119  -50.000
 5.1  -11.910  -11.280   -9.119  -50.000
 5.2  -11.989  -10.699   -9.119  -50.000
 5.3  -12.069  -10.227   -9.119  -50.000
 5.4  -12.150   -9.843   -9.119  -50.000
 5.5  -12.228   -9.527   -9.119  -50.000
 5.6  -12.284   -9.265   -9.119  -50.000
 5.7  -12.256   -9.048   -9.119  -50.000
 5.8  -12.100   -8.864   -9.119  -50.000
 5.9  -11.883   -8.708   -9.119  -50.000
 6.0  -11.686   -8.574   -9.119  -50.000
6   5
 2.0  -9.547 -50.000 -50.000 -50.000
 2.1  -9.605 -50.000 -50.000 -50.000
 2.2  -9.663 -50.000 -50.000 -50.000
 2.3  -9.721 -50.000 -50.000 -50.000
 2.4  -9.780 -50.000 -50.000 -50.000
 2.5  -9.839 -50.000 -50.000 -50.000
 2.6  -9.899 -50.000 -50.000 -50.000
 2.7  -9.959 -50.000 -50.000 -50.000
 2.8 -10.020 -50.000 -50.000 -50.000
 2.9 -10.081 -50.000 -50.000 -50.000
 3.0 -10.143 -50.000 -50.000 -50.000
 3.1 -10.205 -50.000 -50.000 -50.000
 3.2 -10.267 -50.000 -50.000 -50.000
 3.3 -10.330 -50.000 -50.000 -50.000
 3.4 -10.393 -50.000 -50.000 -50.000
 3.5 -10.457 -50.000 -50.000 -50.000
 3.6 -10.521 -50.000 -50.000 -50.000
 3.7 -10.585 -50.000 -50.000 -50.000
 3.8 -10.650 -50.000 -50.000 -50.000
 3.9 -10.715 -50.000 -50.000 -50.000
 4.0 -10.780 -50.000 -50.000 -50.000
 4.1 -10.846 -50.000 -50.000 -50.000
 4.2 -10.912 -50.000 -50.000 -50.000
 4.3 -10.979 -50.000 -50.000 -50.000
 4.4 -11.046 -50.000 -50.000 -50.000
 4.5 -11.113 -50.000 -50.000 -50.000
 4.6 -11.181 -50.000 -50.000 -50.000
 4.7 -11.249 -50.000 -50.000 -50.000
 4.8 -11.318 -50.000 -50.000 -50.000
 4.9 -11.387 -50.000 -50.000 -50.000
 5.0 -11.457 -29.673 -50.000 -50.000
 5.1 -11.527 -25.568 -50.000 -50.000
 5.2 -11.598 -22.296 -50.000 -50.000
 5.3 -11.670 -19.688 -50.000 -50.000
 5.4 -11.743 -17.605 -50.000 -50.000
 5.5 -11.816 -15.941 -50.000 -50.000
 5.6 -11.889 -14.609 -50.000 -50.000
 5.7 -11.954 -13.540 -50.000 -50.000
 5.8 -11.992 -12.681 -50.000 -50.000
 5.9 -11.973 -11.988 -50.000 -50.000
 6.0 -11.898 -11.428 -50.000 -50.000
7   1
 2.0  -11.171  -50.000  -12.215  -50.000
 2.1  -11.232  -50.000  -12.198  -50.000
 2.2  -11.293  -50.000  -12.177  -50.000
 2.3  -11.354  -50.000  -12.152  -50.000
 2.4  -11.414  -50.000  -12.123  -50.000
 2.5  -11.475  -50.000  -12.092  -50.000
 2.6  -11.536  -50.000  -12.059  -50.000
 2.7  -11.595  -50.000  -12.025  -50.000
 2.8  -11.650  -50.000  -11.992  -50.000
 2.9  -11.693  -50.000  -11.961  -50.000
 3.0  -11.718  -50.000  -11.933  -50.000
 3.1  -11.723  -50.000  -11.910  -50.000
 3.2  -11.719  -50.000  -11.894  -50.000
 3.3  -11.716  -50.000  -11.884  -50.000
 3.4  -11.724  -50.000  -11.883  -50.000
 3.5  -11.746  -50.000  -11.890  -50.000
 3.6  -11.782  -50.000  -11.904  -50.000
 3.7  -11.831  -50.000  -11.924  -50.000
 3.8  -11.891  -50.000  -11.948  -50.000
 3.9  -11.958  -50.000  -11.973  -50.000
 4.0  -12.031  -50.000  -12.000  -50.000
 4.1  -12.107  -50.000  -12.027  -50.000
 4.2  -12.186  -50.000  -12.054  -50.000
 4.3  -12.254  -50.000  -12.081  -50.000
 4.4  -12.249  -10.890  -12.108  -50.000
 4.5  -12.059  -10.243  -12.135  -50.000
 4.6  -11.746   -9.718  -12.162  -50.000
 4.7  -11.451   -9.292  -12.187  -50.000
 4.8  -11.230   -8.942  -12.187  -50.000
 4.9  -11.073   -8.654  -12.187  -50.000
 5.0  -10.977   -8.415  -12.187  -50.000
 5.1  -10.931   -8.215  -12.187  -50.000
 5.2  -10.926   -8.046  -12.187  -50.000
 5.3  -10.952   -7.901  -12.187  -50.000
 5.4  -11.004   -7.776  -12.187  -50.000
 5.5  -11.075   -7.666  -12.187  -50.000
 5.6  -11.163   -7.569  -12.187  -50.000
 5.7  -11.263   -7.481  -12.187  -50.000
 5.8  -11.374   -7.401  -12.187  -50.000
 5.9  -11.492   -7.328  -12.187  -50.000
 6.0  -11.617   -7.259  -12.187  -50.000
7   2
 2.0  -10.379  -50.000   -9.309  -50.000
 2.1  -10.439  -50.000   -9.309  -50.000
 2.2  -10.439  -50.000   -9.309  -50.000
 2.3  -10.559  -50.000   -9.309  -50.000
 2.4  -10.618  -50.000   -9.308  -50.000
 2.5  -10.680  -50.000   -9.308  -50.000
 2.6  -10.740  -50.000   -9.307  -50.000
 2.7  -10.801  -50.000   -9.307  -50.000
 2.8  -10.801  -50.000   -9.306  -50.000
 2.9  -10.921  -50.000   -9.305  -50.000
 3.0  -10.983  -50.000   -9.303  -50.000
 3.1  -11.045  -50.000   -9.302  -50.000
 3.2  -11.106  -50.000   -9.300  -50.000
 3.3  -11.166  -50.000   -9.297  -50.000
 3.4  -11.223  -50.000   -9.294  -50.000
 3.5  -11.277  -50.000   -9.290  -50.000
 3.6  -11.327  -50.000   -9.285  -50.000
 3.7  -11.374  -50.000   -9.279  -50.000
 3.8  -11.418  -50.000   -9.271  -50.000
 3.9  -11.462  -50.000   -9.261  -50.000
 4.0  -11.462  -50.000   -9.249  -50.000
 4.1  -11.554  -50.000   -9.235  -50.000
 4.2  -11.592  -50.000   -9.218  -50.000
 4.3  -11.600  -50.000   -9.197  -50.000
 4.4  -11.535  -14.094   -9.172  -50.000
 4.5  -11.376  -12.824   -9.142  -50.000
 4.6  -11.172  -11.805   -9.108  -50.000
 4.7  -10.983  -10.986   -9.068  -50.000
 4.8  -10.839  -10.324   -9.022  -50.000
 4.9  -10.839   -9.789   -8.971  -50.000
 5.0  -10.688   -9.353   -8.914  -50.000
 5.1  -10.676   -8.997   -8.851  -50.000
 5.2  -10.693   -8.703   -8.783  -50.000
 5.3  -10.738   -8.460   -8.711  -50.000
 5.4  -10.804   -8.257   -8.710  -50.000
 5.5  -10.886   -8.085   -8.710  -50.000
 5.6  -10.983   -7.938   -8.710  -50.000
 5.7  -11.088   -7.811   -8.710  -50.000
 5.8  -11.203   -7.700   -8.710  -50.000
 5.9  -11.326   -7.601   -8.710  -50.000
 6.0  -11.453   -7.512   -8.710  -50.000
7   3
 2.0   -9.949  -50.000   -9.993  -50.000
 2.1  -10.017  -50.000   -9.920  -50.000
 2.2  -10.084  -50.000   -9.847  -50.000
 2.3  -10.152  -50.000   -9.774  -50.000
 2.4  -10.219  -50.000   -9.701  -50.000
 2.5  -10.286  -50.000   -9.628  -50.000
 2.6  -10.353  -50.000   -9.555  -50.000
 2.7  -10.420  -50.000   -9.482  -50.000
 2.8  -10.485  -50.000   -9.409  -50.000
 2.9  -10.548  -50.000   -9.336  -50.000
 3.0  -10.579  -50.000   -9.263  -50.000
 3.1  -10.608  -50.000   -9.190  -50.000
 3.2  -10.609  -50.000   -9.117  -50.000
 3.3  -10.595  -50.000   -9.044  -50.000
 3.4  -10.552  -50.000   -8.971  -50.000
 3.5  -10.531  -50.000   -8.898  -50.000
 3.6  -10.497  -50.000   -8.825  -50.000
 3.7  -10.496  -50.000   -8.752  -50.000
 3.8  -10.492  -50.000   -8.679  -50.000
 3.9  -10.513  -50.000   -8.606  -50.000
 4.0  -10.533  -50.000   -8.533  -50.000
 4.1  -10.569  -50.000   -8.460  -50.000
 4.2  -10.605  -50.000   -8.387  -50.000
 4.3  -10.637  -50.000   -8.314  -50.000
 4.4  -10.668  -18.200   -8.241  -50.000
 4.5  -10.638  -16.175   -8.168  -50.000
 4.6  -10.606  -14.553   -8.095  -50.000
 4.7  -10.525  -13.250   -8.066  -50.000
 4.8  -10.440  -12.201   -8.066  -50.000
 4.9  -10.398  -11.353   -8.066  -50.000
 5.0  -10.355  -10.666   -8.066  -50.000
 5.1  -10.370  -10.106   -8.066  -50.000
 5.2  -10.386   -9.647   -8.066  -50.000
 5.3  -10.446   -9.268   -8.066  -50.000
 5.4  -10.506   -8.953   -8.066  -50.000
 5.5  -10.595   -8.688   -8.066  -50.000
 5.6  -10.684   -8.464   -8.066  -50.000
 5.7  -10.794   -8.272   -8.066  -50.000
 5.8  -10.903   -8.105   -8.066  -50.000
 5.9  -11.028   -7.958   -8.066  -50.000
 6.0  -10.906   -7.827   -8.066  -50.000
7   4
 2.0   -9.497  -50.000   -9.096  -50.000
 2.1   -9.573  -50.000   -9.055  -50.000
 2.2   -9.650  -50.000   -9.013  -50.000
 2.3   -9.726  -50.000   -8.972  -50.000
 2.4   -9.802  -50.000   -8.931  -50.000
 2.5   -9.876  -50.000   -8.889  -50.000
 2.6   -9.947  -50.000   -8.848  -50.000
 2.7  -10.014  -50.000   -8.806  -50.000
 2.8  -10.080  -50.000   -8.765  -50.000
 2.9  -10.147  -50.000   -8.724  -50.000
 3.0  -10.215  -50.000   -8.682  -50.000
 3.1  -10.281  -50.000   -8.641  -50.000
 3.2  -10.340  -50.000   -8.599  -50.000
 3.3  -10.388  -50.000   -8.558  -50.000
 3.4  -10.425  -50.000   -8.517  -50.000
 3.5  -10.455  -50.000   -8.475  -50.000
 3.6  -10.481  -50.000   -8.434  -50.000
 3.7  -10.507  -50.000   -8.392  -50.000
 3.8  -10.536  -50.000   -8.351  -50.000
 3.9  -10.568  -50.000   -8.310  -50.000
 4.0  -10.604  -50.000   -8.268  -50.000
 4.1  -10.638  -50.000   -8.227  -50.000
 4.2  -10.655  -50.000   -8.185  -50.000
 4.3  -10.634  -50.000   -8.144  -50.000
 4.4  -10.574  -24.443   -8.103  -50.000
 4.5  -10.500  -21.196   -8.061  -50.000
 4.6  -10.438  -18.606   -8.020  -50.000
 4.7  -10.401  -16.539   -7.978  -50.000
 4.8  -10.441  -14.887   -7.937  -50.000
 4.9  -10.444  -13.565   -7.896  -50.000
 5.0  -10.474  -12.504   -7.854  -50.000
 5.1  -10.526  -11.651   -7.813  -50.000
 5.2  -10.596  -10.963   -7.771  -50.000
 5.3  -10.680  -10.406   -7.730  -50.000
 5.4  -10.777   -9.954   -7.689  -50.000
 5.5  -10.883   -9.584   -7.647  -50.000
 5.6  -10.997   -9.280   -7.606  -50.000
 5.7  -11.117   -9.028   -7.564  -50.000
 5.8  -11.242   -8.818   -7.523  -50.000
 5.9  -11.370   -8.641   -7.482  -50.000
 6.0  -11.502   -8.490   -7.440  -50.000
 7   5
 2.0  -9.582 -50.000 -50.000 -50.000
 2.1  -9.638 -50.000 -50.000 -50.000
 2.2  -9.696 -50.000 -50.000 -50.000
 2.3  -9.754 -50.000 -50.000 -50.000
 2.4  -9.812 -50.000 -50.000 -50.000
 2.5  -9.871 -50.000 -50.000 -50.000
 2.6  -9.931 -50.000 -50.000 -50.000
 2.7  -9.992 -50.000 -50.000 -50.000
 2.8 -10.053 -50.000 -50.000 -50.000
 2.9 -10.115 -50.000 -50.000 -50.000
 3.0 -10.178 -50.000 -50.000 -50.000
 3.1 -10.241 -50.000 -50.000 -50.000
 3.2 -10.305 -50.000 -50.000 -50.000
 3.3 -10.370 -50.000 -50.000 -50.000
 3.4 -10.435 -50.000 -50.000 -50.000
 3.5 -10.502 -50.000 -50.000 -50.000
 3.6 -10.568 -50.000 -50.000 -50.000
 3.7 -10.636 -50.000 -50.000 -50.000
 3.8 -10.704 -50.000 -50.000 -50.000
 3.9 -10.773 -50.000 -50.000 -50.000
 4.0 -10.843 -50.000 -50.000 -50.000
 4.1 -10.913 -48.729 -50.000 -50.000
 4.2 -10.984 -40.619 -50.000 -50.000
 4.3 -11.055 -34.167 -50.000 -50.000
 4.4 -11.127 -29.031 -50.000 -50.000
 4.5 -11.200 -24.941 -50.000 -50.000
 4.6 -11.273 -21.683 -50.000 -50.000
 4.7 -11.347 -19.084 -50.000 -50.000
 4.8 -11.422 -17.009 -50.000 -50.000
 4.9 -11.497 -15.351 -50.000 -50.000
 5.0 -11.573 -14.024 -50.000 -50.000
 5.1 -11.650 -12.959 -50.000 -50.000
 5.2 -11.728 -12.103 -50.000 -50.000
 5.3 -11.806 -11.413 -50.000 -50.000
 5.4 -11.886 -10.854 -50.000 -50.000
 5.5 -11.966 -10.400 -50.000 -50.000
 5.6 -12.047 -10.029 -50.000 -50.000
 5.7 -12.121  -9.725 -50.000 -50.000
 5.8 -12.156  -9.472 -50.000 -50.000
 5.9 -12.096  -9.261 -50.000 -50.000
 6.0 -11.936  -9.083 -50.000 -50.000
8   1
 2.0  -10.934  -50.000   -9.000  -11.048
 2.1  -11.019  -50.000   -9.000  -10.751
 2.2  -11.103  -50.000   -9.000  -10.497
 2.3  -11.188  -50.000   -9.000  -10.278
 2.4  -11.272  -50.000   -9.000  -10.087
 2.5  -11.357  -50.000   -9.000   -9.920
 2.6  -11.441  -50.000   -9.000   -9.772
 2.7  -11.526  -50.000   -9.000   -9.642
 2.8  -11.610  -50.000   -9.000   -9.527
 2.9  -11.695  -50.000   -9.000   -9.426
 3.0  -11.778  -50.000   -9.000   -9.339
 3.1  -11.861  -50.000   -9.000   -9.264
 3.2  -11.941  -50.000   -9.000   -9.203
 3.3  -12.019  -42.704   -9.000   -9.154
 3.4  -12.095  -35.581   -9.000   -9.117
 3.5  -12.169  -29.913   -9.000   -9.091
 3.6  -12.240  -25.400   -9.000   -9.074
 3.7  -12.303  -21.805   -9.000   -9.064
 3.8  -12.365  -18.940   -9.000   -9.057
 3.9  -12.425  -16.653   -9.000   -9.054
 4.0  -12.482  -14.827   -9.000   -9.051
 4.1  -12.537  -13.367   -9.000   -9.049
 4.2  -12.589  -12.196   -9.000   -9.047
 4.3  -12.636  -11.257   -9.000   -9.046
 4.4  -12.677  -10.501   -9.000   -9.045
 4.5  -12.712   -9.891   -9.000   -9.044
 4.6  -12.740   -9.397   -9.000   -9.043
 4.7  -11.548   -8.995   -9.000   -9.043
 4.8  -11.354   -8.667   -9.000   -9.043
 4.9  -11.276   -8.398   -9.000   -9.042
 5.0  -11.197   -8.175   -9.000   -9.042
 5.1  -11.202   -7.991   -9.000   -9.042
 5.2  -11.208   -7.837   -9.000   -9.042
 5.3  -11.268   -7.708   -9.000   -9.041
 5.4  -11.328   -7.600   -9.000   -9.041
 5.5  -11.418   -7.509   -9.000   -9.041
 5.6  -11.508   -7.433   -9.000   -9.041
 5.7  -11.623   -7.369   -9.000   -9.041
 5.8  -11.737   -7.317   -9.000   -9.041
 5.9  -11.867   -7.276   -9.000   -9.041
 6.0  -11.997   -7.244   -9.000   -9.041
8   2
 2.0  -10.407  -50.000   -8.865  -50.000
 2.1  -10.472  -50.000   -8.873  -50.000
 2.2  -10.536  -50.000   -8.880  -50.000
 2.3  -10.601  -50.000   -8.887  -50.000
 2.4  -10.665  -50.000   -8.895  -50.000
 2.5  -10.730  -50.000   -8.902  -50.000
 2.6  -10.792  -50.000   -8.910  -50.000
 2.7  -10.851  -50.000   -8.917  -50.000
 2.8  -10.902  -50.000   -8.924  -50.000
 2.9  -10.943  -50.000   -8.932  -50.000
 3.0  -10.976  -50.000   -8.939  -50.000
 3.1  -11.005  -50.000   -8.947  -50.000
 3.2  -11.034  -50.000   -8.954  -50.000
 3.3  -11.067  -50.000   -8.961  -50.000
 3.4  -11.107  -50.000   -8.969  -50.000
 3.5  -11.152  -50.000   -8.976  -50.000
 3.6  -11.202  -50.000   -8.984  -50.000
 3.7  -11.257  -43.821   -8.989  -50.000
 3.8  -11.314  -36.517   -8.977  -50.000
 3.9  -11.375  -30.706   -8.964  -50.000
 4.0  -11.437  -26.079   -8.951  -50.000
 4.1  -11.500  -22.394   -8.938  -50.000
 4.2  -11.564  -19.457   -8.925  -50.000
 4.3  -11.629  -17.113   -8.912  -50.000
 4.4  -11.696  -15.242   -8.884  -50.000
 4.5  -11.764  -13.745   -8.854  -50.000
 4.6  -11.834  -12.546   -8.824  -50.000
 4.7  -11.126  -11.584   -8.794  -50.000
 4.8  -10.946  -10.810   -8.764  -50.000
 4.9  -10.844  -10.186   -8.734  -50.000
 5.0  -10.739   -9.680   -8.704  -50.000
 5.1  -10.721   -9.270   -8.674  -50.000
 5.2  -10.703   -8.934   -8.644  -50.000
 5.3  -10.738   -8.659   -8.614  -50.000
 5.4  -10.774   -8.432   -8.584  -50.000
 5.5  -10.853   -8.244   -8.554  -50.000
 5.6  -10.933   -8.087   -8.524  -50.000
 5.7  -11.037   -7.955   -8.494  -50.000
 5.8  -11.142   -7.845   -8.464  -50.000
 5.9  -11.261   -7.752   -8.434  -50.000
 6.0  -11.379   -7.674   -8.404  -50.000
8   3
 2.0   -9.907  -50.000   -8.857  -50.000
 2.1   -9.967  -50.000   -8.825  -50.000
 2.2   -9.967  -50.000   -8.792  -50.000
 2.3  -10.079  -50.000   -8.757  -50.000
 2.4  -10.136  -50.000   -8.722  -50.000
 2.5  -10.193  -50.000   -8.685  -50.000
 2.6  -10.251  -50.000   -8.648  -50.000
 2.7  -10.311  -50.000   -8.610  -50.000
 2.8  -10.311  -50.000   -8.571  -50.000
 2.9  -10.435  -50.000   -8.532  -50.000
 3.0  -10.502  -50.000   -8.492  -50.000
 3.1  -10.569  -50.000   -8.451  -50.000
 3.2  -10.636  -50.000   -8.410  -50.000
 3.3  -10.701  -50.000   -8.368  -50.000
 3.4  -10.759  -50.000   -8.326  -50.000
 3.5  -10.807  -50.000   -8.283  -50.000
 3.6  -10.839  -50.000   -8.240  -50.000
 3.7  -10.851  -50.000   -8.196  -50.000
 3.8  -10.857  -50.000   -8.153  -50.000
 3.9  -10.863  -43.655   -8.108  -50.000
 4.0  -10.863  -36.443   -8.064  -50.000
 4.1  -10.900  -30.703   -8.019  -50.000
 4.2  -10.936  -26.134   -7.974  -50.000
 4.3  -10.971  -22.494   -7.929  -50.000
 4.4  -11.003  -19.592   -7.884  -50.000
 4.5  -10.996  -17.278   -7.839  -50.000
 4.6  -10.928  -15.429   -7.793  -50.000
 4.7  -10.807  -13.950   -7.747  -50.000
 4.8  -10.674  -12.766   -7.701  -50.000
 4.9  -10.674  -11.815   -7.655  -50.000
 5.0  -10.479  -11.051   -7.609  -50.000
 5.1  -10.433  -10.433   -7.563  -50.000
 5.2  -10.417   -9.933   -7.517  -50.000
 5.3  -10.427   -9.527   -7.470  -50.000
 5.4  -10.460   -9.195   -7.424  -50.000
 5.5  -10.511   -8.923   -7.378  -50.000
 5.6  -10.580   -8.699   -7.331  -50.000
 5.7  -10.662   -8.512   -7.284  -50.000
 5.8  -10.754   -8.357   -7.238  -50.000
 5.9  -10.860   -8.227   -7.191  -50.000
 6.0  -10.971   -8.117   -7.145  -50.000
8   4
 2.0   -8.739  -50.000   -9.795  -50.000
 2.1   -8.811  -50.000   -9.794  -50.000
 2.2   -8.884  -50.000   -9.794  -50.000
 2.3   -8.957  -50.000   -9.793  -50.000
 2.4   -9.029  -50.000   -9.792  -50.000
 2.5   -9.102  -50.000   -9.791  -50.000
 2.6   -9.174  -50.000   -9.789  -50.000
 2.7   -9.247  -50.000   -9.787  -50.000
 2.8   -9.319  -50.000   -9.785  -50.000
 2.9   -9.392  -50.000   -9.782  -50.000
 3.0   -9.589  -50.000   -9.777  -50.000
 3.1   -9.661  -50.000   -9.772  -50.000
 3.2   -9.733  -50.000   -9.765  -50.000
 3.3   -9.807  -50.000   -9.756  -50.000
 3.4   -9.882  -50.000   -9.745  -50.000
 3.5   -9.945  -50.000   -9.731  -50.000
 3.6  -10.007  -50.000   -9.713  -50.000
 3.7  -10.053  -50.000   -9.691  -50.000
 3.8  -10.099  -50.000   -9.664  -50.000
 3.9  -10.140  -50.000   -9.631  -50.000
 4.0  -10.181  -48.163   -9.592  -50.000
 4.1  -10.221  -40.083   -9.545  -50.000
 4.2  -10.260  -33.654   -9.492  -50.000
 4.3  -10.298  -28.538   -9.431  -50.000
 4.4  -10.334  -24.464   -9.362  -50.000
 4.5  -10.357  -21.217   -9.287  -50.000
 4.6  -10.379  -18.628   -9.205  -50.000
 4.7  -10.357  -16.562   -9.118  -50.000
 4.8  -10.334  -14.910   -9.025  -50.000
 4.9  -10.303  -13.588   -8.928  -50.000
 5.0  -10.270  -12.528   -8.828  -50.000
 5.1  -10.277  -11.677   -8.725  -50.000
 5.2  -10.284  -10.990   -8.620  -50.000
 5.3  -10.334  -10.436   -8.513  -50.000
 5.4  -10.384   -9.985   -8.404  -50.000
 5.5  -10.467   -9.619   -8.294  -50.000
 5.6  -10.549   -9.319   -8.183  -50.000
 5.7  -10.655   -9.072   -8.071  -50.000
 5.8  -10.760   -8.867   -7.959  -50.000
 5.9  -10.879   -8.697   -7.847  -50.000
 6.0  -10.764   -8.555   -7.734  -50.000
 8   5
 2.0  -9.281 -50.000 -50.000 -50.000
 2.1  -9.357 -50.000 -50.000 -50.000
 2.2  -9.432 -50.000 -50.000 -50.000
 2.3  -9.508 -50.000 -50.000 -50.000
 2.4  -9.584 -50.000 -50.000 -50.000
 2.5  -9.660 -50.000 -50.000 -50.000
 2.6  -9.736 -50.000 -50.000 -50.000
 2.7  -9.812 -50.000 -50.000 -50.000
 2.8  -9.888 -50.000 -50.000 -50.000
 2.9  -9.964 -50.000 -50.000 -50.000
 3.0 -10.040 -50.000 -50.000 -50.000
 3.1 -10.116 -50.000 -50.000 -50.000
 3.2 -10.191 -50.000 -50.000 -50.000
 3.3 -10.267 -50.000 -50.000 -50.000
 3.4 -10.343 -50.000 -50.000 -50.000
 3.5 -10.418 -50.000 -50.000 -50.000
 3.6 -10.489 -50.000 -50.000 -50.000
 3.7 -10.552 -50.000 -50.000 -50.000
 3.8 -10.602 -50.000 -50.000 -50.000
 3.9 -10.637 -50.000 -50.000 -50.000
 4.0 -10.661 -50.000 -50.000 -50.000
 4.1 -10.679 -50.000 -50.000 -50.000
 4.2 -10.697 -50.000 -50.000 -50.000
 4.3 -10.720 -50.000 -50.000 -50.000
 4.4 -10.752 -50.000 -50.000 -50.000
 4.5 -10.795 -27.308 -50.000 -50.000
 4.6 -10.852 -23.530 -50.000 -50.000
 4.7 -10.373 -20.518 -50.000 -50.000
 4.8 -10.359 -18.116 -50.000 -50.000
 4.9 -10.342 -16.198 -50.000 -50.000
 5.0 -10.324 -14.664 -50.000 -50.000
 5.1 -10.366 -13.436 -50.000 -50.000
 5.2 -10.408 -12.451 -50.000 -50.000
 5.3 -10.492 -11.658 -50.000 -50.000
 5.4 -10.577 -11.019 -50.000 -50.000
 5.5 -10.680 -10.501 -50.000 -50.000
 5.6 -10.784 -10.081 -50.000 -50.000
 5.7 -10.901  -9.738 -50.000 -50.000
 5.8 -11.018  -9.457 -50.000 -50.000
 5.9 -11.148  -9.225 -50.000 -50.000
 6.0 -11.278  -9.033 -50.000 -50.000
10   1
 2.0  -11.140  -50.000  -50.000  -50.000
 2.1  -11.215  -50.000  -50.000  -50.000
 2.2  -11.291  -50.000  -50.000  -50.000
 2.3  -11.367  -50.000  -50.000  -50.000
 2.4  -11.443  -50.000  -50.000  -50.000
 2.5  -11.519  -50.000  -50.000  -50.000
 2.6  -11.595  -50.000  -50.000  -50.000
 2.7  -11.671  -50.000  -50.000  -50.000
 2.8  -11.747  -50.000  -50.000  -50.000
 2.9  -11.823  -50.000  -50.000  -50.000
 3.0  -11.899  -50.000  -50.000  -50.000
 3.1  -11.974  -50.000  -50.000  -50.000
 3.2  -12.050  -50.000  -50.000  -50.000
 3.3  -12.126  -50.000  -50.000  -50.000
 3.4  -12.202  -50.000  -50.000  -50.000
 3.5  -12.278  -43.295  -50.000  -50.000
 3.6  -12.354  -36.167  -50.000  -50.000
 3.7  -12.430  -30.496  -50.000  -50.000
 3.8  -12.506  -25.979  -50.000  -50.000
 3.9  -12.582  -22.374  -50.000  -50.000
 4.0  -12.658  -19.485  -50.000  -50.000
 4.1  -12.733  -17.151  -50.000  -50.000
 4.2  -12.809  -15.241  -50.000  -50.000
 4.3  -12.885  -13.650  -50.000  -50.000
 4.4  -12.957  -13.047  -50.000  -50.000
 4.5  -12.995  -11.815  -50.000  -50.000
 4.6  -12.896  -11.017  -50.000  -50.000
 4.7  -12.618  -10.426  -50.000  -50.000
 4.8  -12.300   -9.957  -50.000  -50.000
 4.9  -12.036   -9.555  -50.000  -50.000
 5.0  -11.845   -9.195  -50.000  -50.000
 5.1  -11.719   -8.867  -50.000  -50.000
 5.2  -11.648   -8.577  -50.000  -50.000
 5.3  -11.622   -8.287  -50.000  -50.000
 5.4  -11.631   -8.107  -50.000  -50.000
 5.5  -11.668   -7.942  -50.000  -50.000
 5.6  -11.728   -7.797  -50.000  -50.000
 5.7  -11.806   -7.673  -50.000  -50.000
 5.8  -11.899   -7.569  -50.000  -50.000
 5.9  -12.003   -7.482  -50.000  -50.000
 6.0  -12.116   -7.412  -50.000  -50.000
10   2
 2.0  -10.438  -50.000  -50.000  -50.000
 2.1  -10.507  -50.000  -50.000  -50.000
 2.2  -10.577  -50.000  -50.000  -50.000
 2.3  -10.646  -50.000  -50.000  -50.000
 2.4  -10.715  -50.000  -50.000  -50.000
 2.5  -10.784  -50.000  -50.000  -50.000
 2.6  -10.854  -50.000  -50.000  -50.000
 2.7  -10.923  -50.000  -50.000  -50.000
 2.8  -10.992  -50.000  -50.000  -50.000
 2.9  -11.061  -50.000  -50.000  -50.000
 3.0  -11.130  -50.000  -50.000  -50.000
 3.1  -11.198  -50.000  -50.000  -50.000
 3.2  -11.266  -50.000  -50.000  -50.000
 3.3  -11.331  -50.000  -50.000  -50.000
 3.4  -11.393  -50.000  -50.000  -50.000
 3.5  -11.452  -50.000  -50.000  -50.000
 3.6  -11.506  -50.000  -50.000  -50.000
 3.7  -11.558  -50.000  -50.000  -50.000
 3.8  -11.609  -41.577  -50.000  -50.000
 3.9  -11.660  -34.775  -50.000  -50.000
 4.0  -11.711  -29.362  -50.000  -50.000
 4.1  -11.763  -25.053  -50.000  -50.000
 4.2  -11.818  -21.619  -50.000  -50.000
 4.3  -11.875  -18.877  -50.000  -50.000
 4.4  -11.933  -16.683  -50.000  -50.000
 4.5  -11.975  -14.915  -50.000  -50.000
 4.6  -11.951  -13.474  -50.000  -50.000
 4.7  -11.813  -12.494  -50.000  -50.000
 4.8  -11.643  -11.561  -50.000  -50.000
 4.9  -11.433  -10.840  -50.000  -50.000
 5.0  -11.279  -10.270  -50.000  -50.000
 5.1  -11.180   -9.811  -50.000  -50.000
 5.2  -11.127   -9.432  -50.000  -50.000
 5.3  -11.112   -9.114  -50.000  -50.000
 5.4  -11.128   -8.845  -50.000  -50.000
 5.5  -11.170   -8.615  -50.000  -50.000
 5.6  -11.232   -8.409  -50.000  -50.000
 5.7  -11.310   -8.257  -50.000  -50.000
 5.8  -11.403   -8.125  -50.000  -50.000
 5.9  -11.506   -8.012  -50.000  -50.000
 6.0  -11.618   -7.917  -50.000  -50.000
10   3
 2.0  -10.007  -50.000   -9.264  -50.000
 2.1  -10.074  -50.000   -9.213  -50.000
 2.2  -10.141  -50.000   -9.162  -50.000
 2.3  -10.204  -50.000   -9.111  -50.000
 2.4  -10.244  -50.000   -9.060  -50.000
 2.5  -10.216  -50.000   -9.009  -50.000
 2.6  -10.101  -50.000   -8.958  -50.000
 2.7   -9.954  -50.000   -8.907  -50.000
 2.8   -9.832  -50.000   -8.856  -50.000
 2.9   -9.758  -50.000   -8.805  -50.000
 3.0   -9.732  -50.000   -8.754  -50.000
 3.1   -9.745  -50.000   -8.703  -50.000
 3.2   -9.788  -50.000   -8.652  -50.000
 3.3   -9.855  -50.000   -8.601  -50.000
 3.4   -9.937  -50.000   -8.550  -50.000
 3.5  -10.028  -50.000   -8.499  -50.000
 3.6  -10.123  -50.000   -8.448  -50.000
 3.7  -10.220  -50.000   -8.397  -50.000
 3.8  -10.316  -50.000   -8.346  -50.000
 3.9  -10.409  -49.123   -8.295  -50.000
 4.0  -10.499  -40.785   -8.244  -50.000
 4.1  -10.584  -34.151   -8.193  -50.000
 4.2  -10.666  -28.873   -8.142  -50.000
 4.3  -10.745  -24.670   -8.091  -50.000
 4.4  -10.818  -21.321   -8.040  -50.000
 4.5  -10.879  -18.651   -7.989  -50.000
 4.6  -10.908  -16.517   -7.938  -50.000
 4.7  -10.894  -14.809   -7.888  -50.000
 4.8  -11.096  -13.433   -7.888  -50.000
 4.9  -10.952  -12.383   -7.888  -50.000
 5.0  -10.853  -11.500   -7.888  -50.000
 5.1  -10.793  -10.796   -7.888  -50.000
 5.2  -10.765  -10.231   -7.888  -50.000
 5.3  -10.765   -9.773   -7.888  -50.000
 5.4  -10.788   -9.400   -7.888  -50.000
 5.5  -10.832   -9.094   -7.888  -50.000
 5.6  -10.894   -8.843   -7.888  -50.000
 5.7  -10.971   -8.630   -7.888  -50.000
 5.8  -11.060   -8.465   -7.888  -50.000
 5.9  -11.161   -8.329   -7.888  -50.000
 6.0  -11.270   -8.216   -7.888  -50.000
10   4
 2.0   -9.705  -50.000   -8.605  -50.000
 2.1   -9.772  -50.000   -8.557  -50.000
 2.2   -9.839  -50.000   -8.511  -50.000
 2.3   -9.905  -50.000   -8.466  -50.000
 2.4   -9.972  -50.000   -8.423  -50.000
 2.5  -10.039  -50.000   -8.382  -50.000
 2.6  -10.106  -50.000   -8.344  -50.000
 2.7  -10.173  -50.000   -8.309  -50.000
 2.8  -10.239  -50.000   -8.278  -50.000
 2.9  -10.306  -50.000   -8.252  -50.000
 3.0  -10.373  -50.000   -8.232  -50.000
 3.1  -10.440  -50.000   -8.218  -50.000
 3.2  -10.507  -50.000   -8.212  -50.000
 3.3  -10.573  -50.000   -8.213  -50.000
 3.4  -10.640  -50.000   -8.220  -50.000
 3.5  -10.707  -50.000   -8.232  -50.000
 3.6  -10.774  -50.000   -8.242  -50.000
 3.7  -10.841  -50.000   -8.246  -50.000
 3.8  -10.907  -50.000   -8.237  -50.000
 3.9  -10.974  -50.000   -8.212  -50.000
 4.0  -11.041  -50.000   -8.173  -50.000
 4.1  -11.108  -47.806   -8.127  -50.000
 4.2  -11.175  -39.760   -8.076  -50.000
 4.3  -11.241  -33.358   -8.024  -50.000
 4.4  -11.308  -28.264   -7.972  -50.000
 4.5  -11.375  -24.207   -7.932  -50.000
 4.6  -11.442  -20.974   -7.932  -50.000
 4.7  -11.509  -18.394   -7.932  -50.000
 4.8  -11.575  -16.333   -7.932  -50.000
 4.9  -11.642  -14.684   -7.932  -50.000
 5.0  -11.709  -13.360   -7.932  -50.000
 5.1  -11.776  -12.318   -7.932  -50.000
 5.2  -11.843  -11.467   -7.932  -50.000
 5.3  -11.909  -10.786   -7.932  -50.000
 5.4  -11.976  -10.238   -7.932  -50.000
 5.5  -12.043   -9.796   -7.932  -50.000
 5.6  -12.110   -9.439   -7.932  -50.000
 5.7  -12.177   -9.150   -7.932  -50.000
 5.8  -12.243   -8.916   -7.932  -50.000
 5.9  -12.310   -8.727   -7.932  -50.000
 6.0  -12.377   -8.575   -7.932  -50.000
 10   5
 2.0  -9.310 -50.000 -50.000 -50.000
 2.1  -9.358 -50.000 -50.000 -50.000
 2.2  -9.358 -50.000 -50.000 -50.000
 2.3  -9.420 -50.000 -50.000 -50.000
 2.4  -9.428 -50.000 -50.000 -50.000
 2.5  -9.421 -50.000 -50.000 -50.000
 2.6  -9.411 -50.000 -50.000 -50.000
 2.7  -9.405 -50.000 -50.000 -50.000
 2.8  -9.405 -50.000 -50.000 -50.000
 2.9  -9.424 -50.000 -50.000 -50.000
 3.0  -9.449 -50.000 -50.000 -50.000
 3.1  -9.483 -50.000 -50.000 -50.000
 3.2  -9.521 -50.000 -50.000 -50.000
 3.3  -9.565 -50.000 -50.000 -50.000
 3.4  -9.614 -50.000 -50.000 -50.000
 3.5  -9.670 -50.000 -50.000 -50.000
 3.6  -9.730 -50.000 -50.000 -50.000
 3.7  -9.796 -50.000 -50.000 -50.000
 3.8  -9.870 -50.000 -50.000 -50.000
 3.9  -9.947 -50.000 -50.000 -50.000
 4.0  -9.947 -50.000 -50.000 -50.000
 4.1 -10.103 -50.000 -50.000 -50.000
 4.2 -10.180 -49.277 -50.000 -50.000
 4.3 -10.256 -40.985 -50.000 -50.000
 4.4 -10.328 -34.389 -50.000 -50.000
 4.5 -10.396 -29.139 -50.000 -50.000
 4.6 -10.451 -24.959 -50.000 -50.000
 4.7 -10.479 -21.627 -50.000 -50.000
 4.8 -10.467 -18.968 -50.000 -50.000
 4.9 -10.467 -16.843 -50.000 -50.000
 5.0 -10.362 -15.141 -50.000 -50.000
 5.1 -10.312 -13.775 -50.000 -50.000
 5.2 -10.283 -12.698 -50.000 -50.000
 5.3 -10.275 -11.823 -50.000 -50.000
 5.4 -10.284 -11.120 -50.000 -50.000
 5.5 -10.307 -10.557 -50.000 -50.000
 5.6 -10.343 -10.103 -50.000 -50.000
 5.7 -10.389  -9.737 -50.000 -50.000
 5.8 -10.446  -9.441 -50.000 -50.000
 5.9 -10.516  -9.203 -50.000 -50.000
 6.0 -10.597  -9.009 -50.000 -50.000
16   1
 2.0  -11.127  -50.000  -50.000   -9.000
 2.1  -11.190  -50.000  -50.000   -9.000
 2.2  -11.253  -50.000  -50.000   -9.000
 2.3  -11.316  -50.000  -50.000   -9.000
 2.4  -11.379  -50.000  -50.000   -9.000
 2.5  -11.442  -50.000  -50.000   -9.000
 2.6  -11.505  -50.000  -50.000   -9.000
 2.7  -11.568  -50.000  -50.000   -9.000
 2.8  -11.631  -50.000  -50.000   -9.000
 2.9  -11.694  -50.000  -50.000   -9.000
 3.0  -11.755  -50.000  -50.000   -9.000
 3.1  -11.815  -49.574  -50.000   -9.000
 3.2  -11.872  -40.960  -50.000   -9.000
 3.3  -11.926  -34.109  -50.000   -9.000
 3.4  -11.977  -28.657  -50.000   -9.000
 3.5  -12.027  -24.317  -50.000   -9.000
 3.6  -12.076  -20.859  -50.000   -9.000
 3.7  -12.124  -18.100  -50.000   -9.000
 3.8  -12.172  -15.894  -50.000   -9.000
 3.9  -12.219  -14.120  -50.000   -9.000
 4.0  -12.264  -12.680  -50.000   -9.000
 4.1  -12.307  -11.667  -50.000   -9.000
 4.2  -12.348  -10.736  -50.000   -9.000
 4.3  -12.385  -10.011  -50.000   -9.000
 4.4  -12.415   -9.437  -50.000   -9.000
 4.5  -11.728   -8.975  -50.000   -9.000
 4.6  -11.482   -8.595  -50.000   -9.000
 4.7  -11.282   -8.277  -50.000   -9.000
 4.8  -11.152   -8.009  -50.000   -9.000
 4.9  -11.064   -7.780  -50.000   -9.000
 5.0  -11.016   -7.573  -50.000   -9.000
 5.1  -11.016   -7.423  -50.000   -9.000
 5.2  -11.037   -7.289  -50.000   -9.000
 5.3  -11.087   -7.179  -50.000   -9.000
 5.4  -11.157   -7.085  -50.000   -9.000
 5.5  -11.246   -7.005  -50.000   -9.000
 5.6  -11.346   -6.939  -50.000   -9.000
 5.7  -11.456   -6.884  -50.000   -9.000
 5.8  -11.575   -6.841  -50.000   -9.000
 5.9  -11.694   -6.806  -50.000   -9.000
 6.0  -11.823   -6.781  -50.000   -9.000
16   2
 2.0  -10.420  -50.000  -50.000  -50.000
 2.1  -10.480  -50.000  -50.000  -50.000
 2.2  -10.480  -50.000  -50.000  -50.000
 2.3  -10.597  -50.000  -50.000  -50.000
 2.4  -10.654  -50.000  -50.000  -50.000
 2.5  -10.708  -50.000  -50.000  -50.000
 2.6  -10.757  -50.000  -50.000  -50.000
 2.7  -10.807  -50.000  -50.000  -50.000
 2.8  -10.807  -50.000  -50.000  -50.000
 2.9  -10.903  -50.000  -50.000  -50.000
 3.0  -10.955  -50.000  -50.000  -50.000
 3.1  -11.008  -50.000  -50.000  -50.000
 3.2  -11.062  -50.000  -50.000  -50.000
 3.3  -11.116  -50.000  -50.000  -50.000
 3.4  -11.170  -50.000  -50.000  -50.000
 3.5  -11.223  -45.070  -50.000  -50.000
 3.6  -11.276  -37.352  -50.000  -50.000
 3.7  -11.327  -31.213  -50.000  -50.000
 3.8  -11.377  -26.328  -50.000  -50.000
 3.9  -11.424  -22.440  -50.000  -50.000
 4.0  -11.424  -19.343  -50.000  -50.000
 4.1  -11.509  -16.874  -50.000  -50.000
 4.2  -11.533  -14.901  -50.000  -50.000
 4.3  -11.516  -13.318  -50.000  -50.000
 4.4  -11.410  -12.034  -50.000  -50.000
 4.5  -11.198  -11.114  -50.000  -50.000
 4.6  -10.943  -10.311  -50.000  -50.000
 4.7  -10.717   -9.678  -50.000  -50.000
 4.8  -10.542   -9.178  -50.000  -50.000
 4.9  -10.542   -8.782  -50.000  -50.000
 5.0  -10.354   -8.465  -50.000  -50.000
 5.1  -10.327   -8.212  -50.000  -50.000
 5.2  -10.335   -8.008  -50.000  -50.000
 5.3  -10.373   -7.828  -50.000  -50.000
 5.4  -10.432   -7.703  -50.000  -50.000
 5.5  -10.510   -7.605  -50.000  -50.000
 5.6  -10.602   -7.525  -50.000  -50.000
 5.7  -10.708   -7.458  -50.000  -50.000
 5.8  -10.821   -7.405  -50.000  -50.000
 5.9  -10.939   -7.363  -50.000  -50.000
 6.0  -11.068   -7.332  -50.000  -50.000
16   3
 2.0   -9.631  -50.000   -8.300  -50.000
 2.1   -9.690  -50.000   -8.303  -50.000
 2.2   -9.690  -50.000   -8.308  -50.000
 2.3   -9.812  -50.000   -8.313  -50.000
 2.4   -9.876  -50.000   -8.320  -50.000
 2.5   -9.943  -50.000   -8.329  -50.000
 2.6  -10.009  -50.000   -8.339  -50.000
 2.7  -10.077  -50.000   -8.352  -50.000
 2.8  -10.077  -50.000   -8.367  -50.000
 2.9  -10.215  -50.000   -8.386  -50.000
 3.0  -10.281  -50.000   -8.408  -50.000
 3.1  -10.346  -50.000   -8.434  -50.000
 3.2  -10.407  -50.000   -8.463  -50.000
 3.3  -10.463  -50.000   -8.494  -50.000
 3.4  -10.516  -50.000   -8.527  -50.000
 3.5  -10.562  -50.000   -8.559  -50.000
 3.6  -10.604  -50.000   -8.587  -50.000
 3.7  -10.640  -43.348   -8.610  -50.000
 3.8  -10.676  -36.061   -8.625  -50.000
 3.9  -10.708  -30.265   -8.633  -50.000
 4.0  -10.708  -25.653   -8.637  -50.000
 4.1  -10.767  -21.981   -8.638  -50.000
 4.2  -10.796  -19.057   -8.638  -50.000
 4.3  -10.807  -16.723   -8.638  -50.000
 4.4  -10.772  -14.856   -8.638  -50.000
 4.5  -10.652  -13.352   -8.638  -50.000
 4.6  -10.466  -12.128   -8.638  -50.000
 4.7  -10.277  -11.261   -8.638  -50.000
 4.8  -10.126  -10.504   -8.638  -50.000
 4.9  -10.126   -9.902   -8.638  -50.000
 5.0   -9.963   -9.426   -8.638  -50.000
 5.1   -9.943   -9.047   -8.638  -50.000
 5.2   -9.959   -8.745   -8.638  -50.000
 5.3  -10.000   -8.502   -8.638  -50.000
 5.4  -10.062   -8.305   -8.638  -50.000
 5.5  -10.143   -8.135   -8.638  -50.000
 5.6  -10.237   -8.010   -8.638  -50.000
 5.7  -10.343   -7.913   -8.638  -50.000
 5.8  -10.458   -7.831   -8.638  -50.000
 5.9  -10.580   -7.764   -8.638  -50.000
 6.0  -10.708   -7.710   -8.638  -50.000
16   4
 2.0   -8.575  -50.000   -7.817  -50.000
 2.1   -8.734  -50.000   -7.820  -50.000
 2.2   -8.875  -50.000   -7.824  -50.000
 2.3   -8.999  -50.000   -7.830  -50.000
 2.4   -9.108  -50.000   -7.837  -50.000
 2.5   -9.204  -50.000   -7.845  -50.000
 2.6   -9.290  -50.000   -7.856  -50.000
 2.7   -9.367  -50.000   -7.868  -50.000
 2.8   -9.438  -50.000   -7.884  -50.000
 2.9   -9.505  -50.000   -7.902  -50.000
 3.0   -9.567  -50.000   -7.924  -50.000
 3.1   -9.627  -50.000   -7.950  -50.000
 3.2   -9.685  -50.000   -7.979  -50.000
 3.3   -9.742  -50.000   -8.011  -50.000
 3.4   -9.796  -50.000   -8.044  -50.000
 3.5   -9.850  -50.000   -8.076  -50.000
 3.6   -9.902  -50.000   -8.104  -50.000
 3.7   -9.954  -50.000   -8.126  -50.000
 3.8  -10.004  -46.322   -8.141  -50.000
 3.9  -10.053  -38.504   -8.150  -50.000
 4.0  -10.101  -32.285   -8.153  -50.000
 4.1  -10.147  -27.337   -8.155  -50.000
 4.2  -10.192  -23.398   -8.155  -50.000
 4.3  -10.231  -20.261   -8.155  -50.000
 4.4  -10.235  -17.759   -8.155  -50.000
 4.5  -10.000  -15.757   -8.155  -50.000
 4.6   -9.960  -14.146   -8.155  -50.000
 4.7   -9.889  -12.837   -8.155  -50.000
 4.8   -9.954  -11.881   -8.155  -50.000
 4.9   -9.886  -11.061   -8.155  -50.000
 5.0   -9.847  -10.404   -8.155  -50.000
 5.1   -9.847   -9.884   -8.155  -50.000
 5.2   -9.878   -9.472   -8.155  -50.000
 5.3   -9.928   -9.143   -8.155  -50.000
 5.4   -9.998   -8.879   -8.155  -50.000
 5.5  -10.088   -8.665   -8.155  -50.000
 5.6  -10.188   -8.477   -8.155  -50.000
 5.7  -10.297   -8.336   -8.155  -50.000
 5.8  -10.417   -8.227   -8.155  -50.000
 5.9  -10.537   -8.134   -8.155  -50.000
 6.0  -10.676   -8.057   -8.155  -50.000
16   5
 2.0  -8.388 -50.000 -50.000 -50.000
 2.1  -8.546 -50.000 -50.000 -50.000
 2.2  -8.687 -50.000 -50.000 -50.000
 2.3  -8.810 -50.000 -50.000 -50.000
 2.4  -8.918 -50.000 -50.000 -50.000
 2.5  -9.013 -50.000 -50.000 -50.000
 2.6  -9.097 -50.000 -50.000 -50.000
 2.7  -9.174 -50.000 -50.000 -50.000
 2.8  -9.244 -50.000 -50.000 -50.000
 2.9  -9.310 -50.000 -50.000 -50.000
 3.0  -9.372 -50.000 -50.000 -50.000
 3.1  -9.432 -50.000 -50.000 -50.000
 3.2  -9.489 -50.000 -50.000 -50.000
 3.3  -9.545 -50.000 -50.000 -50.000
 3.4  -9.600 -50.000 -50.000 -50.000
 3.5  -9.654 -50.000 -50.000 -50.000
 3.6  -9.706 -50.000 -50.000 -50.000
 3.7  -9.758 -50.000 -50.000 -50.000
 3.8  -9.808 -50.000 -50.000 -50.000
 3.9  -9.857 -50.000 -50.000 -50.000
 4.0  -9.905 -45.614 -50.000 -50.000
 4.1  -9.952 -38.028 -50.000 -50.000
 4.2  -9.997 -31.993 -50.000 -50.000
 4.3 -10.040 -27.189 -50.000 -50.000
 4.4 -10.077 -23.365 -50.000 -50.000
 4.5  -9.910 -20.318 -50.000 -50.000
 4.6  -9.845 -17.889 -50.000 -50.000
 4.7  -9.781 -15.951 -50.000 -50.000
 4.8  -9.899 -14.402 -50.000 -50.000
 4.9  -9.851 -13.160 -50.000 -50.000
 5.0  -9.833 -12.189 -50.000 -50.000
 5.1  -9.854 -11.399 -50.000 -50.000
 5.2  -9.904 -10.767 -50.000 -50.000
 5.3  -9.974 -10.258 -50.000 -50.000
 5.4 -10.054  -9.846 -50.000 -50.000
 5.5 -10.153  -9.506 -50.000 -50.000
 5.6 -10.263  -9.222 -50.000 -50.000
 5.7 -10.372  -8.982 -50.000 -50.000
 5.8 -10.501  -8.781 -50.000 -50.000
 5.9 -10.630  -8.612 -50.000 -50.000
 6.0 -10.758  -8.473 -50.000 -50.000


