8   4   1 
 2.0 -20.687 -20.693 -20.712 -20.768 -20.909 -21.182 -21.575 -22.036 -22.522 -23.018 -23.516 -24.016 -24.516
 2.1 -20.279 -20.284 -20.301 -20.348 -20.470 -20.720 -21.097 -21.550 -22.034 -22.529 -23.027 -23.527 -24.026
 2.2 -19.974 -19.979 -19.992 -20.033 -20.140 -20.369 -20.730 -21.175 -21.656 -22.150 -22.648 -23.147 -23.647
 2.3 -19.750 -19.754 -19.766 -19.801 -19.897 -20.108 -20.454 -20.891 -21.369 -21.862 -22.360 -22.859 -23.359
 2.4 -19.591 -19.594 -19.605 -19.636 -19.723 -19.919 -20.252 -20.682 -21.157 -21.649 -22.146 -22.645 -23.145
 2.5 -19.483 -19.486 -19.495 -19.524 -19.603 -19.787 -20.107 -20.531 -21.003 -21.494 -21.992 -22.491 -22.990
 2.6 -19.416 -19.418 -19.427 -19.453 -19.525 -19.698 -20.007 -20.424 -20.894 -21.384 -21.881 -22.380 -22.879
 2.7 -19.381 -19.383 -19.391 -19.414 -19.481 -19.642 -19.940 -20.349 -20.816 -21.305 -21.801 -22.300 -22.800
 2.8 -19.371 -19.373 -19.380 -19.401 -19.462 -19.612 -19.896 -20.297 -20.761 -21.249 -21.745 -22.243 -22.743
 2.9 -19.382 -19.384 -19.390 -19.409 -19.464 -19.602 -19.871 -20.263 -20.722 -21.208 -21.704 -22.202 -22.702
 3.0 -19.409 -19.411 -19.416 -19.433 -19.482 -19.607 -19.861 -20.240 -20.694 -21.179 -21.674 -22.172 -22.672
 3.1 -19.449 -19.451 -19.456 -19.470 -19.513 -19.625 -19.861 -20.228 -20.675 -21.157 -21.652 -22.150 -22.649
 3.2 -19.500 -19.501 -19.505 -19.517 -19.554 -19.654 -19.872 -20.223 -20.663 -21.142 -21.635 -22.133 -22.632
 3.3 -19.558 -19.559 -19.562 -19.573 -19.605 -19.693 -19.891 -20.225 -20.655 -21.131 -21.623 -22.121 -22.620
 3.4 -19.623 -19.624 -19.627 -19.636 -19.663 -19.739 -19.917 -20.232 -20.652 -21.124 -21.614 -22.111 -22.610
 3.5 -19.693 -19.694 -19.696 -19.703 -19.726 -19.792 -19.951 -20.245 -20.653 -21.119 -21.607 -22.104 -22.603
 3.6 -19.767 -19.767 -19.769 -19.776 -19.795 -19.851 -19.991 -20.263 -20.656 -21.116 -21.603 -22.098 -22.597
 3.7 -19.844 -19.845 -19.846 -19.851 -19.868 -19.915 -20.037 -20.286 -20.663 -21.116 -21.599 -22.094 -22.593
 3.8 -19.924 -19.924 -19.926 -19.930 -19.943 -19.983 -20.089 -20.315 -20.673 -21.117 -21.597 -22.091 -22.588
 3.9 -20.006 -20.006 -20.007 -20.011 -20.022 -20.055 -20.146 -20.348 -20.687 -21.120 -21.595 -22.084 -22.570
 4.0 -20.089 -20.089 -20.090 -20.093 -20.102 -20.129 -20.206 -20.386 -20.702 -21.119 -21.578 -22.030 -22.424
 4.1 -20.169 -20.169 -20.170 -20.172 -20.180 -20.202 -20.266 -20.422 -20.707 -21.088 -21.479 -21.791 -21.975
 4.2 -20.231 -20.231 -20.232 -20.234 -20.239 -20.257 -20.308 -20.434 -20.668 -20.963 -21.210 -21.349 -21.407
 4.3 -20.234 -20.235 -20.235 -20.236 -20.240 -20.252 -20.287 -20.374 -20.531 -20.706 -20.822 -20.874 -20.893
 4.4 -20.122 -20.123 -20.123 -20.123 -20.126 -20.132 -20.151 -20.198 -20.280 -20.364 -20.413 -20.434 -20.441
 4.5 -19.886 -19.886 -19.886 -19.886 -19.887 -19.890 -19.898 -19.920 -19.957 -19.995 -20.017 -20.026 -20.029
 4.6 -19.582 -19.582 -19.582 -19.582 -19.583 -19.584 -19.588 -19.597 -19.615 -19.633 -19.645 -19.649 -19.651
 4.7 -19.276 -19.276 -19.276 -19.276 -19.276 -19.277 -19.278 -19.283 -19.292 -19.303 -19.309 -19.312 -19.314
 4.8 -19.000 -19.000 -19.000 -19.000 -19.000 -19.001 -19.002 -19.004 -19.009 -19.016 -19.021 -19.023 -19.024
 4.9 -18.767 -18.767 -18.767 -18.767 -18.767 -18.767 -18.768 -18.770 -18.773 -18.778 -18.782 -18.783 -18.784
 5.0 -18.577 -18.577 -18.577 -18.577 -18.577 -18.577 -18.578 -18.579 -18.581 -18.585 -18.588 -18.589 -18.590
 5.1 -18.426 -18.426 -18.426 -18.426 -18.426 -18.426 -18.426 -18.427 -18.429 -18.431 -18.434 -18.435 -18.436
 5.2 -18.307 -18.307 -18.307 -18.307 -18.307 -18.307 -18.307 -18.308 -18.309 -18.311 -18.314 -18.315 -18.316
 5.3 -18.215 -18.215 -18.215 -18.215 -18.215 -18.216 -18.216 -18.216 -18.217 -18.219 -18.221 -18.222 -18.223
 5.4 -18.146 -18.146 -18.146 -18.146 -18.146 -18.146 -18.146 -18.146 -18.147 -18.149 -18.151 -18.152 -18.152
 5.5 -18.095 -18.095 -18.095 -18.095 -18.095 -18.095 -18.095 -18.095 -18.096 -18.097 -18.099 -18.100 -18.100
 5.6 -18.059 -18.059 -18.059 -18.059 -18.059 -18.059 -18.059 -18.059 -18.059 -18.060 -18.062 -18.063 -18.064
 5.7 -18.035 -18.035 -18.035 -18.035 -18.035 -18.035 -18.035 -18.035 -18.036 -18.037 -18.038 -18.039 -18.040
 5.8 -18.022 -18.022 -18.022 -18.022 -18.022 -18.022 -18.022 -18.022 -18.023 -18.023 -18.025 -18.026 -18.027
 5.9 -18.018 -18.018 -18.018 -18.018 -18.018 -18.018 -18.018 -18.018 -18.018 -18.019 -18.020 -18.021 -18.022
 6.0 -18.021 -18.021 -18.021 -18.021 -18.021 -18.021 -18.021 -18.021 -18.021 -18.022 -18.023 -18.024 -18.025
